
1 1 60
2 4 60
3 6 63
4 15 68
5 19 75
6 25 100
7 33 124
8 59 158
9 94 221
10 127 319
11 156 435
12 176 541
13 227 704
14 400 994
15 629 1301
16 800 1630
17 996 2183
18 1109 2770
19 1256 3613
20 1348 4596
21 1471 6346
22 1591 9296
23 1790 13865
24 1959 19497
25 2164 24345
26 2385 33745
27 2625 44056
28 2866 55222
29 3084 68673
30 3372 86061
31 3771 104804
32 4015 124256
33 4284 144321
34 4445 165053
35 4641 189967
36 4877 216622
37 5147 246726
38 5370 279183
39 5550 313379
40 5650 338779
41 5752 370019
42 5947 403521
43 6033 435518
44 6183 469124
45 6282 502876
46 6372 532879
47 6442 560300
48 6525 586941
49 6623 613886
50 6741 648148
51 6848 678210

